m = 125.972186949536
G = 2.08631744261431
A = 9.87615391861377
