m = 125.972186915222
G = 2.08631938175584
A = 9.87616374498531
