a = 4.9511553496486
b = 0.169887082001008
