a = 4.9511553496486
b = 0.169887082001008
a_err = 0.0339477544244211
b_err = 0.00695008119420514
