---Generating random symmetric matrix A---
A given by:
     0.249      0.111      0.467      0.772      0.658      0.433      0.354      0.944      0.101      0.642 
     0.111     0.0286      0.248       0.32       0.99      0.682      0.655      0.283      0.615      0.704 
     0.467      0.248      0.702       0.95     0.0934      0.161      0.382      0.798      0.169      0.794 
     0.772       0.32       0.95      0.307      0.823      0.886      0.556      0.717      0.699     0.0136 
     0.658       0.99     0.0934      0.823      0.992      0.806      0.859     0.0625      0.514      0.525 
     0.433      0.682      0.161      0.886      0.806      0.273      0.994      0.691      0.387      0.434 
     0.354      0.655      0.382      0.556      0.859      0.994      0.675      0.677      0.473      0.245 
     0.944      0.283      0.798      0.717     0.0625      0.691      0.677      0.353      0.526      0.169 
     0.101      0.615      0.169      0.699      0.514      0.387      0.473      0.526      0.347      0.692 
     0.642      0.704      0.794     0.0136      0.525      0.434      0.245      0.169      0.692      0.395 
---Calculating matrices V and D---
V given by:
     0.366      0.381     -0.119     -0.157      0.514     0.0766      0.511    -0.0544      0.257      0.285 
    0.0462      0.534      0.649      0.166    -0.0731     0.0948     -0.151      0.233     -0.303      0.284 
     0.364     -0.139     0.0686    -0.0471     -0.599      0.126     0.0177      0.264      0.566      0.274 
    -0.485      0.339     -0.196      0.181     -0.281     -0.501      0.141     -0.253      0.187       0.36 
  -0.00704     -0.449      0.142     -0.243     -0.166     -0.119      0.524     0.0182     -0.504      0.386 
     0.307     -0.223     -0.199      0.746     0.0834      0.146     -0.123     -0.265     -0.152      0.351 
   -0.0782      0.171     -0.311      -0.46     -0.151      0.489     -0.349     -0.332     -0.184      0.358 
    -0.302     -0.379      0.496    -0.0925       0.38     0.0394     -0.203     -0.257      0.405      0.305 
     0.327    -0.0641     -0.164     -0.242       0.21      -0.61     -0.493      0.249    -0.0998       0.27 
    -0.444    -0.0807     -0.305      0.136      0.216      0.265    0.00867      0.707     0.0268       0.26 
D given by:
     -1.49          0          0          0          0          0          0          0          0          0 
         0      -1.04          0          0          0          0          0          0          0          0 
         0          0     -0.638          0          0          0          0          0          0          0 
         0          0          0     -0.467          0          0          0          0          0          0 
         0          0          0          0     0.0273          0          0          0          0          0 
         0          0          0          0          0     0.0718          0          0          0          0 
         0          0          0          0          0          0      0.312          0          0          0 
         0          0          0          0          0          0          0      0.788          0          0 
         0          0          0          0          0          0          0          0       1.42          0 
         0          0          0          0          0          0          0          0          0       5.34 
---Checking the requirements from the assignment description---
VTAV == D : True
VDVT == A : True
VTV = I : True
VVT = I : True
