---Testing Cholesky-Banachiewicz decomposition algorithm---
A given by:
      3.91       3.41       3.15       3.72       2.15       2.83       2.34       1.58       3.62       3.06 
      3.41       4.94       3.18       4.23       3.19       3.46       2.45       2.46       4.31       4.42 
      3.15       3.18       3.42       3.44       2.19       3.03       1.84       1.32       3.77       3.24 
      3.72       4.23       3.44       4.46        3.1       3.52       2.69       1.86       4.07       3.98 
      2.15       3.19       2.19        3.1       2.93       2.63       1.86       1.31       3.19       2.97 
      2.83       3.46       3.03       3.52       2.63       3.11       2.05       1.42       3.84       3.56 
      2.34       2.45       1.84       2.69       1.86       2.05       2.25       1.36       2.68       2.43 
      1.58       2.46       1.32       1.86       1.31       1.42       1.36       1.87       1.94       2.36 
      3.62       4.31       3.77       4.07       3.19       3.84       2.68       1.94       5.66       4.62 
      3.06       4.42       3.24       3.98       2.97       3.56       2.43       2.36       4.62       5.19 
L is calculated to be:
      1.98          0          0          0          0          0          0          0          0          0 
      1.73        1.4          0          0          0          0          0          0          0          0 
      1.59      0.307      0.885          0          0          0          0          0          0          0 
      1.88      0.697      0.252      0.601          0          0          0          0          0          0 
      1.09      0.937      0.192      0.592      0.698          0          0          0          0          0 
      1.43      0.708      0.597      0.289       0.18      0.286          0          0          0          0 
      1.19      0.286     -0.152      0.489     0.0673       0.29      0.638          0          0          0 
     0.798      0.771     -0.215     -0.208     -0.168      -0.16      0.507       0.49          0          0 
      1.83      0.815      0.677     -0.196      0.602       0.63      0.384    -0.0719      0.476          0 
      1.55       1.25      0.445      0.123    -0.0613      0.601      0.119      0.623       0.31      0.384 
This can be verified by checking that LL^T is equal to A
LL^T = A: True




---Testing linear equation solver using Cholesky decomposition---
A = 
      5.12       4.42       3.12       3.15        4.4       3.01       3.67       5.03       4.15       4.35 
      4.42       5.02       2.72       3.04       3.97       2.51       3.17       4.21       3.46       4.12 
      3.12       2.72       2.35       1.83       2.81       1.94       2.58       3.48       2.62          3 
      3.15       3.04       1.83       3.12       3.14       2.02       2.48       3.33        2.6       2.55 
       4.4       3.97       2.81       3.14       4.45       3.01       3.18       4.54       3.75       3.93 
      3.01       2.51       1.94       2.02       3.01       2.18       1.97        3.1       2.69       2.64 
      3.67       3.17       2.58       2.48       3.18       1.97       3.86       4.09       2.87       3.33 
      5.03       4.21       3.48       3.33       4.54        3.1       4.09       5.95       4.53       4.95 
      4.15       3.46       2.62        2.6       3.75       2.69       2.87       4.53       3.98       3.83 
      4.35       4.12          3       2.55       3.93       2.64       3.33       4.95       3.83       4.58 
b =      0.249      0.111      0.467      0.772      0.658      0.433      0.354      0.944      0.101      0.642 
Solution given by:      -3.01       8.98      -11.7      -8.02      -6.02       17.8       1.52       18.6      -9.19      -11.6 
This can be verified by checking that A*x is equal to b -
Ax=b: True




---Testing determinant solver using Cholesky decomposition---
A = 
      1.82      0.797       2.45       2.52       2.21        1.4        2.2       1.57        2.1       1.28 
     0.797       1.36       1.38       1.87       1.85      0.987       1.59      0.847       1.15       1.57 
      2.45       1.38       4.48       4.23       4.04       2.52       3.68       1.86       2.54       2.63 
      2.52       1.87       4.23        4.7       4.33       2.77        4.1       2.37       2.88       2.99 
      2.21       1.85       4.04       4.33       4.75       2.42       4.21       2.16       2.84       3.27 
       1.4      0.987       2.52       2.77       2.42       2.42       2.55       1.73       1.71       1.76 
       2.2       1.59       3.68        4.1       4.21       2.55       4.39        2.7       2.92       3.14 
      1.57      0.847       1.86       2.37       2.16       1.73        2.7       2.42       2.35       1.55 
       2.1       1.15       2.54       2.88       2.84       1.71       2.92       2.35       2.94       1.86 
      1.28       1.57       2.63       2.99       3.27       1.76       3.14       1.55       1.86       3.18 
Determinant of A found to be:
Det(A) = 0.000133094031803224
It is not easy to verify whether this result is correct, but we know it must be positive:
Det(A) > 0: True
I also verified the results using an online determinant calculator for 2 test matrices.




---Testing inverse solver using Cholesky decomposition---
A = 
      2.88       2.85       3.11       2.84        2.8       2.62       2.63       2.75       2.46       2.98 
      2.85       3.78       3.03       2.84       2.67       2.68       3.32       3.14        2.8       3.13 
      3.11       3.03       4.35       3.03       3.47       3.19       2.88       3.12       3.02       3.81 
      2.84       2.84       3.03       3.23       2.83       2.45       2.49       2.97       3.04       2.87 
       2.8       2.67       3.47       2.83       3.71       2.89       2.76       2.81       3.14       3.45 
      2.62       2.68       3.19       2.45       2.89        2.9       2.38       2.65       2.74       3.29 
      2.63       3.32       2.88       2.49       2.76       2.38       3.51       2.71       2.32       2.73 
      2.75       3.14       3.12       2.97       2.81       2.65       2.71       3.28        3.2       3.14 
      2.46        2.8       3.02       3.04       3.14       2.74       2.32        3.2       4.22       3.26 
      2.98       3.13       3.81       2.87       3.45       3.29       2.73       3.14       3.26       4.06 
A^-1 found to be: 
      80.8       4.34       4.14      -53.7      -3.66      -47.6      -9.25      -10.2       28.8       4.26 
      4.34       6.17        1.3      -4.41        3.1      -3.71      -4.89      -1.51       1.26      -2.22 
      4.14        1.3       2.15      -3.49    -0.0225      -3.08      -1.25     -0.908       1.88      -1.04 
     -53.7      -4.41      -3.49       38.6      0.779         32       7.48       5.01      -19.2      -1.35 
     -3.66        3.1    -0.0225      0.779        4.4       1.28      -2.81       1.59       -2.3      -2.51 
     -47.6      -3.71      -3.08         32       1.28       33.2       6.06       5.97      -17.1      -4.94 
     -9.25      -4.89      -1.25       7.48      -2.81       6.06        5.5      0.552       -2.5       1.78 
     -10.2      -1.51     -0.908       5.01       1.59       5.97      0.552       6.26         -5      -1.47 
      28.8       1.26       1.88      -19.2       -2.3      -17.1       -2.5         -5       11.7       1.66 
      4.26      -2.22      -1.04      -1.35      -2.51      -4.94       1.78      -1.47       1.66       5.51 
This can be verified by checking AA^-1 = I
AA^-1 = I: True
