sqrt2^2 = 2 (should equal 2)
(2^(1/5))^5 = 2
(e^pi = 23.1406926327793)
(pi^e = 22.459157718361)
****************************************
gamma(1): 1.00026304557484
gamma(2): 1.00026304557484
gamma(3): 1.00052616034266
gamma(10): 362879.997652016
lngamma(1): 0.000263010984419895
lngamma(2): 0.000263010984419895
lngamma(3): 0.000526021968839789
lngamma(10): 12.8018274736111
