
--- ANN with 1 neurons ---
Parameters given by:
a[0] = -0.109797702127428, b[0] = 0.344188030564806, w[0] = 2.10099535232575
Convergence took 14 iterations for 1 neuron

--- ANN with 10 neurons ---
Parameters given by:
a[0] = -5.50339972184759, b[0] = 3.1630154700223, w[0] = 1.14006483787984
a[1] = 3.1630154700223, b[1] = 1.14006483787984, w[1] = -1.21871177706679
a[2] = 1.14006483787984, b[2] = -1.21871177706679, w[2] = 4.95798385979777
a[3] = -1.21871177706679, b[3] = 4.95798385979777, w[3] = -1.19086974543889
a[4] = 4.95798385979777, b[4] = -1.19086974543889, w[4] = 0.245658870107715
a[5] = -1.19086974543889, b[5] = 0.245658870107715, w[5] = 0.59569438504736
a[6] = 0.245658870107715, b[6] = 0.59569438504736, w[6] = 5.58172165255877
a[7] = 0.59569438504736, b[7] = 5.58172165255877, w[7] = 0.342946236508623
a[8] = 5.58172165255877, b[8] = 0.342946236508623, w[8] = 0.4895778259638
a[9] = 0.342946236508623, b[9] = 0.4895778259638, w[9] = -5.8385438739859
Convergence took 140 iterations for 10 neurons
